[Transformations]
digit_transform = [[0, -0.70710678, 0.70710678, -0.0106],[0, -0.70710678, -0.70710678, 0.0106],[1, 0, 0, 0.089],[0, 0, 0, 1]]
camera_transform = [[0.02960038, -0.99954577, 0.00566326, 0.0564668],[0.99953552, 0.02955803, -0.00742115, -0.0375079],[0.00725038, 0.00588029, 0.99995643, -0.150416],[0, 0, 0, 1]]