[Transformations]
digit_transform =[[0, -0.70710678, 0.70710678, -0.0106], [0, -0.70710678, -0.70710678, 0.0106], [1, 0, 0, 0.07219], [0, 0, 0, 1]]
camera_transform = [[0.70710678, -0.70710678,  0.0,  0.01959746], [0.70710678,  0.70710678,  0.0, -0.06556648], [0.0,  0.0,  1,  0.024542 ], [0, 0, 0, 1]]